package chapter2;

public class Ex8 {

	public static void main(String[] args) {
		//다차원배열
//		int[][] arr1=new int[2][2];
//		
//		double[][] arr2=new double[3][2];
//		
//		char[][] arr3=new char[2][3];
		
		char[][] arr1=new char[3][3];
		
		double[][] arr2=new double[4][1];
		
		int[][] score= {{84,93,52,42},
						{62,71,79,100},
						{55,80,33,52}}; 
  		
		int[][] score2= {{84,62,55},
						{93,71,80},
						{52,79,33},
						{42,100,52}};

	}

}
